162
671
933
414
788
730
817
033
536
875
670
236
473
167
877
980
316
950
456
092
517
557
956
954
104
178
794
278
147
773
437
435
502
610
582
780
689
562
964
791
028
097
848
281
858
538
660
972
671
613
867
448
738
966
139
636
847
659
754
243
122
455
195
968
793
059
730
361
574
522
097
762
431
158
429
414
022
629
788
999
187
215
810
782
047
034
108
986
025
644
829
630
315
567
919
331
207
412
242
607
668
944
749
168
864
442
533
805
372
063
458
777
416
340
436
140
919
350
510
572
905
900
085
389
473
758
444
169
625
692
140
897
672
288
312
860
724
226
884
508
976
741
476
417
831
015
318
432
241
114
799
955
833
358
935
146
630
830
440
642
356
373
271
715
367
393
190
669
008
861
108
795
269
590
326
866
064
523
862
840
219
382
998
004
628
305
747
247
034
747
729
645
856
974
024
568
024
694
608
480
410
729
947
293
053
930
223
203
677
227
062
455
387
318
562
242
428
968
